N=64
1 1	 -92	-72
2 2	  92	 72
3 3	 -92	-36
4 4	 -60	-51
5 5	  46	 90
6 6	  60	 51
7 7	  92	 36
8 8	 -72	-21
9 9	 -32	-45
10 10	  32	 45
11 11	  72	 21
12 12	 -92	  0
13 13	 -46	  0
14 14	   0	  0
15 15	  46	  0
16 16	  92	  0
17 17	-115	 18
18 18	 -72	 21
19 19	 -32	 45
20 20	  32	-45
21 21	  72	-21
22 22	 115	-18
23 23	 -92	 36
24 24	 -60	 51
25 25	  46	-90
26 26	  60	-51
27 27	  92	-36
28 28	-115	 54
29 29	 -92	 72
30 30	  92	-90
31 31	  92	-72
32 32	 115	-54
33 33	 -92	-54
34 34	 -74	-65
35 35	  74	 65
36 36	  92	 54
37 37	 -75	-41
38 38	 -50	-68
39 39	  50	 68
40 40	  75	 41
41 41	-115	-18
42 42	 -92	-18
43 43	 -53	-33
44 44	  53	 33
45 45	  92	 18
46 46	 115	 18
47 47	 -69	  0
48 48	 -23	  0
49 49	  23	  0
50 50	  69	  0
51 51	 -92	 18
52 52	 -52	 33
53 53	  23	-90
54 54	  52	-33
55 55	  92	-18
56 56	 -75	 41
57 57	 -50	 68
58 58	  50	-68
59 59	  75	-41
60 60	 -92	 54
61 61	 -74	 65
62 62	  69	-90
63 63	  74	-65
64 64	  92	-54